100 
8254 30638 
2664 714 
21736 1519 
12578 5982 
1307 4804 
31899 79 
1146 4432 
2359 18169 
23360 15351 
28317 4091 
6367 11375 
18294 5098 
14823 14874 
26225 4166 
9512 4755 
23691 17580 
1051 16519 
13453 20558 
31358 5318 
2006 929 
319 9625 
20570 31317 
26779 22615 
7147 4490 
17799 10547 
1208 3649 
20047 9560 
4883 2064 
27261 19256 
27767 27675 
31228 17696 
29641 11327 
6013 12816 
16094 28304 
23066 28875 
1342 20742 
23097 8490 
27687 5491 
32180 20405 
21461 18872 
20279 32628 
2561 16441 
25833 1539 
1448 27790 
6734 28133 
4109 30844 
8556 21274 
32513 9507 
12076 28148 
25698 19576 
18180 16422 
22242 5878 
27091 6174 
14345 14737 
11276 24213 
7038 20460 
30487 25188 
13186 9931 
31220 5785 
26301 2763 
3362 30410 
29501 28497 
3519 1449 
17084 448 
29680 6617 
21537 31983 
10371 27904 
24138 20698 
24019 8478 
4105 29335 
28652 12317 
4460 26764 
4080 31145 
10818 26336 
16058 25409 
12762 4143 
23232 16014 
11278 11906 
17726 27124 
14208 30846 
25233 24424 
12580 14043 
31200 9601 
12543 24088 
14338 22225 
17454 28781 
22940 13173 
2089 15362 
16522 28907 
2889 18782 
30849 15396 
5768 3618 
28402 8666 
17545 14327 
25137 20772 
2520 9157 
19414 27720 
4722 21798 
19044 23504 
6280 538 
