419913626670 817 
11282 1480 
7777 4443 
8892 5218 
79 6842 
23782 8255 
19630 8471 
9612 8719 
15516 11373 
13874 12601 
19743 13485 
23662 13788 
29065 14564 
23496 14691 
6243 15227 
7955 16001 
15056 16944 
8898 17065 
20461 17196 
2609 19603 
18020 20009 
30141 21889 
8780 22346 
4281 22490 
13230 26453 
26027 27796 
6357 27874 
18554 27992 
23682 32126 
10731 32276 
-1083082749 53654 
8066920 8061120 
8892 5218 
23782 8255 
9612 8719 
15516 11373 
13874 12601 
19743 13485 
23662 13788 
23496 14691 
6243 15227 
7955 16001 
8898 17065 
18020 20009 
13230 26453 
23682 32126 
150994953 53657 
8067048 8061120 
8066920 8061120 
1969450820 1953391981 
1197241199 1967682665 
1632394338 1634742882 
1650543708 1952543343 
1869181551 2776116 
1936876915 1852138076 
-1385138160 151048592 
1432107587 1936876915 
1852138076 1331454314 
1917085038 1550153321 
1969450820 1953391981 
1197241199 1967682665 
1632394338 1634742882 
1650543708 1952543343 
1869181551 1634491444 
1697526882 1929405816 
-1552910306 134271363 
-1 -1 
0 0 
0 4000 
-1552910306 134271373 
-1 -1 
0 0 
0 4000 
-1150191609 53645 
8064464 8066576 
7777 4443 
79 6842 
19630 8471 
29065 14564 
15056 16944 
20461 17196 
2609 19603 
30141 21889 
8780 22346 
4281 22490 
26027 27796 
6357 27874 
18554 27992 
10731 32276 
218103821 53657 
8066576 8061120 
1633906508 1917869164 
1634887535 1297904493 
1869767529 1952870259 
542332448 1701080899 
1936028252 1668445551 
1633448805 1700556912 
1852142712 1852795251 
1768381555 1768184948 
1633449075 1634757491 
1831695219 778987873 
29546 0 
-495945633 134271380 
2 1252 
0 0 
0 0 
0 0 
0 0 
0 0 
0 0 
0 0 
0 0 
0 0 
0 0 
0 269484032 
269488144 269488144 
269488144 269488144 
269488144 269488144 
0 538968064 
538976288 538976288 
538976288 538976288 
538976288 538976288 
0 0 
32 268435456 
268439552 0 
0 536870912 
536879104 16 
0 536870912 
0 0 
2097152 536870912 
0 269488128 
269488144 269488144 
269488144 269488144 
269488144 269488128 
269488144 538976288 
538976288 538976288 
538976288 538976288 
538976288 538976256 
538976288 32 
0 0 
0 0 
0 0 
0 0 
0 0 
0 0 
0 0 
0 1650524160 
1717920867 1785292903 
1852664939 1920036975 
1987409011 2054781047 
0 1111556096 
1178944579 1246316615 
1313688651 1381060687 
1448432723 1515804759 
0 0 
131 -1711276032 
-1644127232 0 
0 -1979711488 
-1912566784 255 
0 -1442840576 
0 0 
11862016 -1174405120 
0 -488513536 
-421141277 -353769241 
-286397205 -219025169 
-151653133 -84281344 
-16909061 -1027489569 
-960117565 -892745529 
-825373493 -758001457 
-690629421 -623257600 
-555885349 159 
1047558530 151048652 
8067916 8067947 
8067986 8068053 
8068108 8068168 
8068217 8068246 
8068282 8068332 
8068381 8068421 
8068434 8068456 
8068498 8068528 
8068551 8068584 
8068625 8068664 
8068678 8069480 
8069547 8069574 
8069603 8069677 
8069695 8069719 
8069746 8069782 
8069823 8069853 
8070135 8070158 
8070178 8070193 
8070215 8070254 
8070292 8070319 
8070361 8070376 
8070403 8070421 
8070441 8070469 
8070486 8070506 
8070564 8070677 
8070766 8070829 
0 1431063617 
1397900627 1179603536 
1027951689 1348221507 
1919381362 1631874401 
1090543988 1094996048 
1128087892 1934974010 
1551069797 1785619810 
1883331681 1952531568 
1867668577 1852403041 
1212350567 1162694482 
1095910239 1095780435 
1230004036 1314866512 
1027951937 1546542172 
1701865840 1634886492 
1634756723 892428132 
1597517872 1481920854 
1280657242 1280134737 
1262634830 1836008192 
1349414765 1919381362 
1766223201 1030972780 
1348221507 1919381362 
1176530273 1936026729 
947398688 1130113334 
1869442415 1766203502 
7562604 1835888451 
1917873775 1634887535 
1818838637 2015916901 
1026111032 1348221507 
1919381362 1176530273 
1936026729 947398688 
1130113334 1869442415 
1766203502 7562604 
1835888451 1917873775 
1634887535 875976557 
1128084019 1917869114 
1634887535 1766203501 
1551066476 1835888451 
1176530543 1936026729 
1297040128 1163154768 
1296125522 1162100037 
1330924371 1295592784 
1429292870 1866661960 
1701860205 977485155 
1852397404 1937207140 
1937339228 862807412 
1835228210 2019896932 
1917059173 1919252073 
1635017028 1547322173 
1684957527 1551071087 
1953724755 842231141 
1769096284 1936876918 
1769096284 1148347766 
6386785 1599295558 
1464816194 1599227219 
1599098945 1179603536 
1598377033 1230132307 
1228752718 1919251566 
544499054 1819310149 
1919251055 1397769728 
1330791007 1380275031 
1163089247 1380998994 
1279870543 1414750021 
1196312914 1717912637 
1953264993 1297041408 
1230128197 1128088918 
1330118714 1095779661 
1547520084 1919251285 
1700945011 6384238 
1094930252 1347436876 
1096040772 1547322173 
1919251285 1700945011 
1549888110 1148219457 
1549890657 1633906508 
1330380908 1397641031 
1163285061 1549548882 
1263748420 760237908 
1195789625 4740401 
1112364366 1331647045 
1380998982 1397048143 
1397903187 1325413437 
1917085038 1030059625 
1432107587 1936876915 
1852138076 1331454314 
1917085038 6649449 
1147498063 1702259058 
1936617283 1919249781 
1547322173 1919251285 
1700945011 1549888110 
1147498063 1702259058 
1230130944 1095649607 
1146642252 1430478663 
1313165906 1162108756 
1330924371 1853177168 
1768318308 6579566 
1463636815 1868852841 
1314878327 1632632916 
1128097908 1917869114 
1634887535 1766203501 
1551066476 1684957527 
1098086255 1551069296 
1919117645 1718580079 
1867525748 1400006007 
1819043176 841889631 
808333614 875984991 
2000183135 1652124517 
1647862835 996505442 
1348221507 1919381362 
1176530273 1936026729 
947398688 1130113334 
1869442415 1766203502 
1551066476 1667330639 
1247569260 1549891169 
1635148138 1752457584 
1547322171 1684957527 
1551071087 1953724787 
842231141 1547322171 
1684957527 997422959 
1465662019 1868852841 
1398567799 1702130553 
1546793837 1835360855 
1547322171 1684957527 
1551071087 1953724755 
842231141 1852397404 
1937207140 1702326096 
1701335922 1985768556 
1546661425 1547322171 
1684957527 1551071087 
1953724755 842231141 
1701859164 1213420398 
977484636 1869762652 
1835102823 1818838560 
1314681701 1229211990 
1866670145 1919905906 
1869182049 1447976046 
1095320649 1148603936 
1381189964 1547322171 
1735357008 544039282 
1701603654 1869503603 
1936352612 977484636 
1869762652 1835102823 
1818838560 1683780453 
1701737583 1127963764 
1917869114 1634887535 
1766203501 1551066476 
1551132999 996437347 
1348221507 1919381362 
1176530273 1936026729 
947398688 1314662710 
1229211990 1866670145 
1919905906 1869182049 
1750097006 1549300601 
1835888451 1127968367 
1934974010 1551069797 
1785619810 1883331681 
1952531568 1867275361 
1550606691 1735357008 
1936548210 1954107484 
1550741352 1752463696 
959671919 1919112028 
1937010793 977484636 
1702057308 1650226034 
1634365029 1886404956 
1635017028 1668238428 
1348234337 1919381362 
1551068513 1752463696 
1348234863 1869116537 
1547252590 1547322171 
1919251285 1700945011 
1549888110 1148219457 
1549890657 1633906508 
1766677612 1936683619 
1551132271 1684957527 
1098086255 997421168 
1432107587 1936876915 
1852138076 1096573290 
1631875184 1281122676 
1818321775 1869762652 
1835102823 1766677619 
1936683619 544499311 
1126191958 1550148719 
997091682 1297889859 
1464299113 1852400220 
1547322171 1919251285 
1700945011 1549888110 
1148219457 1549890657 
1835102034 1550282345 
997027950 1432107587 
1936876915 1852138076 
777806186 1853124452 
1952216165 1936486255 
1547322171 1919251285 
1700945011 1549888110 
1148219457 1549890657 
1633906508 1766284396 
1651853428 1802724676 
1550872436 7235938 
1213481296 1028937797 
1297040174 1480928827 
1110326085 775640129 
994331971 1396856366 
1112944187 1244543813 
1244543827 775636307 
994464599 1213421358 
1397567035 1127103299 
1342196816 1162039122 
1380930387 1129464159 
1163151688 1381323843 
947404101 1380974646 
1397048143 1599229779 
1212371521 1464161353 
842216502 1145913661 
1342190646 1162039122 
1380930387 1162103135 
1179210830 1028801865 
1702129225 540292716 
1768776006 908097900 
1685015840 824208485 
1394620469 1886414196 
543649385 539767089 
1970169159 1231384169 
1818588270 1330794496 
1397966147 1281315407 
1279612485 1342191165 
1162039122 1380930387 
1447383647 1330205513 
1698250062 1342202416 
1919381362 1631874401 
1128096116 1917869114 
1634887535 1952531565 
1917845601 1634887535 
1818838637 1128100709 
1917869114 1634887535 
1766203501 544433516 
909670440 1917845545 
1634887535 1818838637 
2015916901 1026111032 
1348221507 1919381362 
1176530273 1936026729 
947398688 1342187830 
1919381362 911699297 
1026700084 1348221507 
1919381362 1176530273 
1936026729 1297305600 
1819632751 1952534629 
977485160 1702057308 
1650226034 1634365029 
1701728092 1986622020 
1866751077 1701672291 
1936684142 2003783772 
1750299237 1550609509 
1969516365 997418348 
1348221507 1919381362 
1176530273 1936026729 
2003783772 1750299237 
1550609509 1969516365 
997418348 1885092451 
1919381362 1713401185 
1936026729 1852405596 
1937207140 1936748641 
1667853660 1869836146 
1882092646 1919252335 
1818585203 775380844 
774975026 913858352 
945774388 2037081463 
946090850 1702322786 
1685015900 1936026741 
1547322171 1735357008 
544039282 1701603654 
1767332979 2003788910 
2003783795 1750299237 
1550609509 1969516365 
997418348 1465662019 
1868852841 1935438711 
1702130553 1546793837 
1684957527 1349744495 
1919252335 1818585171 
829840492 1297887278 
1819632751 1342206821 
1229734485 977485123 
1702057308 1348236146 
1768710773 1163067491 
1330205523 1296125518 
1866677573 1819243374 
2035482725 1835365491 
1986622020 977485157 
1937330944 1382901108 
1031040879 1465662019 
1868852841 1409315703 
1028672837 1432107587 
1936876915 1852138076 
1096573290 1631875184 
1281122676 1818321775 
1835357276 1297350768 
977485136 1702057308 
1650226034 1634365029 
1886404956 1635017028 
1668238428 1415343201 
7368037 1380275029 
1095585604 1144868425 
1414222661 959270991 
826754637 1426081877 
1146242387 1229016399 
1330798414 1313426753 
1330794567 1162627398 
1397048381 1347376203 
1179466029 1213542727 
1163089152 1296125522 
1700937029 6384238 
1380275029 1179603536 
1027951689 1432107587 
1936876915 1852138076 
1996513642 1768189545 
977485170 1852397404 
1937207140 1380275200 
1380998989 1095911247 
1937128781 1701080931 
1380275200 1380998989 
1095911247 1163288397 
1330205522 774978894 
841888566 1312902144 
1936014663 777209183 
759583829 1329791032 
1414680396 1028477509 
1702195828 1869377379 
1398145138 1162104643 
1414088543 1129335135 
1312901215 1027951684 
1546542172 1701865840 
1668511324 761619567 
762603879 1664574054 
842031924 1932342628 
7037807 1599359303 
1347113793 1028870977 
1432107619 1936876915 
1852138076 1096573290 
1631875184 1281122676 
1818321775 1869762652 
1835102823 1766677619 
1936683619 544499311 
1126191958 1550148719 
1869833586 1701016181 
1885428851 2019908720 
1936614772 1936617321 
1953064796 1936286812 
1935760500 1935765611 
1752378995 1129534976 
1598374991 1599359303 
1347113793 1599296321 
1162104654 1547322173 
1919251285 1700945011 
1549888110 1148219457 
1549890657 1633906508 
1917869164 1634887535 
1297904493 1869767529 
1952870259 542332448 
1701080899 1685013340 
2019896933 1398145125 
1162104643 1414088543 
1263747423 1397965136 
1415071071 1096761682 
1028867922 1936534829 
1634624813 761621602 
1667591269 1852797556 
1853190701 762536237 
1701080942 1129534976 
1598374991 1599359303 
1347113793 1599296321 
1313423693 1547330365 
1919251285 1700945011 
1549888110 1148219457 
1549890657 1633906508 
1917869164 1634887535 
1297904493 1869767529 
1952870259 542332448 
1701080899 1936028252 
1668445551 1633448805 
1700556912 1852142712 
1852795251 1768381555 
1768184948 1633449075 
1634757491 1831695219 
778987873 29546 
-1234143221 134270993 
-244926083 703868275 
703729011 0 
0 0 
0 0 
0 0 
0 0 
0 0 
0 0 
0 0 
0 0 
0 0 
0 0 
0 0 
0 0 
0 0 
0 0 
-1485801189 134271384 
1988445696 1988445728 
1988445760 1988445792 
1988445824 1988445856 
1988445888 1988445920 
1988445952 1988445984 
1988446016 1988446048 
1988446080 1988446112 
1988446144 1988446176 
1988446208 1988446240 
1988446272 1988446304 
0 0 
0 0 
0 0 
0 0 
0 0 
0 0 
0 0 
0 0 
0 0 
0 0 
0 0 
0 0 
0 0 
0 0 
0 0 
0 0 
0 0 
0 0 
0 0 
0 0 
0 0 
0 0 
0 0 
0 0 
0 0 
0 0 
0 0 
0 0 
0 0 
0 0 
0 0 
0 0 
0 0 
0 0 
0 0 
0 0 
0 0 
0 0 
0 0 
0 0 
0 0 
0 0 
0 0 
0 0 
0 0 
0 0 
0 0 
0 0 
0 0 
0 0 
0 0 
0 0 
0 0 
0 0 
0 0 
0 0 
0 0 
0 0 
0 0 
0 0 
0 0 
0 0 
0 0 
0 0 
0 0 
0 0 
0 0 
0 0 
0 0 
0 0 
0 0 
0 0 
0 0 
0 0 
0 0 
0 0 
0 0 
0 0 
0 0 
0 0 
0 0 
0 0 
0 0 
0 0 
0 0 
0 0 
0 0 
0 0 
0 0 
0 0 
0 0 
0 0 
0 0 
0 0 
0 0 
0 0 
0 0 
0 0 
0 0 
0 0 
0 0 
0 0 
0 0 
0 0 
0 0 
0 0 
0 0 
0 0 
0 0 
0 0 
0 0 
0 0 
0 0 
0 0 
0 0 
0 0 
0 0 
0 0 
0 0 
0 0 
0 0 
0 0 
0 0 
0 0 
0 0 
0 0 
0 0 
0 0 
0 0 
0 0 
0 0 
0 0 
0 0 
0 0 
0 0 
0 0 
0 0 
0 0 
0 0 
0 0 
0 0 
0 0 
0 0 
0 0 
0 0 
0 0 
0 0 
0 0 
0 0 
0 0 
0 0 
0 0 
0 0 
0 0 
0 0 
0 0 
0 0 
0 0 
0 0 
0 0 
0 0 
0 0 
0 0 
0 0 
0 0 
0 0 
0 0 
0 0 
0 0 
0 0 
0 0 
0 0 
0 0 
0 0 
0 0 
0 0 
0 0 
0 0 
0 0 
0 0 
0 0 
0 0 
0 0 
0 0 
0 0 
0 0 
0 0 
0 0 
0 0 
0 0 
0 0 
0 0 
0 0 
0 0 
0 0 
0 0 
0 0 
0 0 
0 0 
0 0 
0 0 
0 0 
0 0 
0 0 
0 0 
0 0 
0 0 
0 0 
0 0 
0 0 
0 0 
0 0 
0 0 
0 0 
0 0 
0 0 
0 0 
0 0 
0 0 
0 0 
0 0 
0 0 
0 0 
0 0 
0 0 
0 0 
0 0 
0 0 
0 0 
0 0 
0 0 
0 0 
0 0 
0 0 
0 0 
0 0 
0 0 
0 0 
0 0 
0 0 
0 0 
0 0 
0 0 
0 0 
0 0 
0 0 
-1552910306 335597704 
1987711676 1987725064 
0 0 
0 0 
-1536132581 134271373 
1919381065 1918989157 
1836019232 543519330 
1629513060 1768448882 
540700534 673202017 
540876849 790653299 
1025520160 695168544 
808460346 808464432 
673188384 692989779 
0 0 
0 0 
0 0 
0 0 
0 0 
0 0 
0 0 
0 0 
0 0 
0 0 
0 0 
0 0 
0 0 
0 0 
0 0 
0 0 
0 0 
0 0 
0 0 
0 0 
0 0 
0 0 
0 0 
0 0 
0 0 
0 0 
0 0 
0 0 
0 0 
0 0 
0 0 
0 0 
0 0 
0 0 
0 0 
0 0 
0 0 
0 0 
0 0 
0 0 
0 0 
0 0 
0 0 
0 0 
0 0 
0 0 
0 0 
0 0 
0 0 
0 0 
0 0 
0 0 
0 0 
0 0 
0 0 
0 0 
0 0 
0 0 
0 0 
0 0 
0 0 
0 0 
0 0 
0 0 
0 0 
0 0 
0 0 
0 0 
0 0 
0 0 
0 0 
0 0 
0 0 
0 0 
0 0 
0 0 
0 0 
0 0 
0 0 
0 0 
0 0 
0 0 
0 0 
0 0 
0 0 
0 0 
0 0 
0 0 
0 0 
0 0 
0 0 
0 0 
0 0 
0 0 
0 0 
0 0 
0 0 
0 0 
0 0 
0 0 
0 0 
0 0 
0 0 
0 0 
0 0 
0 0 
0 0 
0 0 
0 0 
0 0 
0 0 
0 0 
0 0 
0 0 
0 0 
0 0 
0 0 
0 0 
0 0 
0 0 
0 0 
0 0 
0 0 
0 0 
0 0 
0 0 
0 0 
0 0 
0 0 
0 0 
0 0 
0 0 
0 0 
0 0 
0 0 
0 0 
0 0 
0 0 
0 0 
0 0 
0 0 
0 0 
0 0 
0 0 
0 0 
0 0 
0 0 
0 0 
0 0 
0 0 
0 0 
0 0 
0 0 
0 0 
0 0 
0 0 
0 0 
0 0 
0 0 
0 0 
0 0 
0 0 
0 0 
0 0 
0 0 
0 0 
0 0 
0 0 
0 0 
0 0 
0 0 
0 0 
0 0 
0 0 
0 0 
0 0 
0 0 
0 0 
0 0 
0 0 
0 0 
0 0 
0 0 
0 0 
0 0 
0 0 
0 0 
0 0 
0 0 
0 0 
0 0 
0 0 
0 0 
0 0 
0 0 
0 0 
0 0 
0 0 
0 0 
0 0 
0 0 
0 0 
0 0 
0 0 
0 0 
0 0 
0 0 
0 0 
0 0 
0 0 
0 0 
0 0 
0 0 
0 0 
0 0 
0 0 
0 0 
0 0 
0 0 
0 0 
0 0 
0 0 
0 0 
0 0 
0 0 
0 0 
0 0 
0 0 
0 0 
0 0 
0 0 
0 0 
0 0 
0 0 
0 0 
0 0 
0 0 
0 0 
0 0 
0 0 
0 0 
0 0 
0 0 
0 0 
0 0 
0 0 
0 0 
0 0 
0 0 
0 0 
0 0 
0 0 
0 0 
0 0 
0 0 
0 0 
0 0 
0 0 
0 0 
0 0 
0 0 
0 0 
0 0 
0 0 
0 0 
0 0 
0 0 
0 0 
0 0 
0 0 
0 0 
0 0 
0 0 
0 0 
0 0 
0 0 
0 0 
0 0 
0 0 
0 0 
0 0 
0 0 
0 0 
0 0 
0 0 
0 0 
0 0 
0 0 
0 0 
0 0 
0 0 
0 0 
0 0 
0 0 
0 0 
0 0 
0 0 
0 0 
0 0 
0 0 
0 0 
0 0 
0 0 
0 0 
0 0 
0 0 
0 0 
0 0 
0 0 
0 0 
0 0 
0 0 
0 0 
0 0 
0 0 
0 0 
0 0 
0 0 
0 0 
0 0 
0 0 
0 0 
0 0 
0 0 
0 0 
0 0 
0 0 
0 0 
0 0 
0 0 
0 0 
0 0 
0 0 
0 0 
0 0 
0 0 
0 0 
0 0 
0 0 
0 0 
0 0 
0 0 
0 0 
0 0 
0 0 
0 0 
0 0 
0 0 
0 0 
0 0 
0 0 
0 0 
0 0 
0 0 
0 0 
0 0 
0 0 
0 0 
0 0 
0 0 
0 0 
0 0 
0 0 
0 0 
0 0 
0 0 
0 0 
0 0 
0 0 
0 0 
0 0 
0 0 
0 0 
0 0 
0 0 
0 0 
0 0 
0 0 
0 0 
0 0 
0 0 
0 0 
0 0 
0 0 
0 0 
0 0 
0 0 
0 0 
0 0 
0 0 
0 0 
0 0 
0 0 
0 0 
0 0 
0 0 
0 0 
0 0 
0 0 
0 0 
0 0 
0 0 
0 0 
0 0 
0 0 
0 0 
0 0 
0 0 
0 0 
0 0 
0 0 
0 0 
0 0 
0 0 
0 0 
0 0 
0 0 
0 0 
0 0 
0 0 
0 0 
0 0 
0 0 
0 0 
0 0 
0 0 
0 0 
0 0 
0 0 
0 0 
0 0 
0 0 
0 0 
0 0 
0 0 
0 0 
0 0 
0 0 
0 0 
0 0 
0 0 
0 0 
0 0 
0 0 
0 0 
0 0 
0 0 
0 0 
0 0 
0 0 
0 0 
0 0 
0 0 
0 0 
0 0 
0 0 
0 0 
0 0 
0 0 
0 0 
0 0 
0 0 
0 0 
0 0 
0 0 
0 0 
0 0 
0 0 
0 0 
0 0 
0 0 
0 0 
0 0 
0 0 
0 0 
0 0 
0 0 
0 0 
0 0 
0 0 
0 0 
0 0 
0 0 
0 0 
0 0 
0 0 
0 0 
0 0 
0 0 
0 0 
0 0 
0 0 
0 0 
0 0 
0 0 
0 0 
0 0 
0 0 
0 0 
0 0 
0 0 
0 0 
0 0 
0 0 
-1536132581 134271880 
540019232 805969968 
169881632 540024880 
807415818 540019232 
805969968 169881632 
540024880 807415818 
540019232 805969968 
169881632 540024880 
807415818 540019232 
805969968 169881632 
540024880 807415818 
540019232 805969968 
169881632 540024880 
807415818 540019232 
805969968 169881632 
540024880 807415818 
540019232 805969968 
169881632 540024880 
807415818 540019232 
805969968 169881632 
540024880 807415818 
540019232 805969968 
169881632 540024880 
807415818 540019232 
805969968 169877560 
926365753 540030517 
909261066 926234163 
891302709 858796084 
925971760 809044512 
825635385 540423728 
842412601 909194291 
940187699 808661305 
959461170 943011872 
808859959 169882680 
959787577 909586743 
808984624 875835449 
540160309 892483594 
859124534 891303224 
842281012 942815027 
876087840 842085426 
540094518 825831481 
959591481 956964913 
942747700 960050743 
942684192 858863158 
169882928 876164409 
925970742 876159024 
825307187 540161848 
942684170 960050488 
824195381 943208758 
808990258 892930592 
926431033 540489525 
892940345 876033592 
940187699 943274032 
875705908 892811296 
875901752 169883956 
825242677 808661046 
959979577 859321394 
540293429 959789066 
892613169 941634611 
808661305 875704883 
876087840 825766450 
540160304 942814265 
842020145 940187703 
942683703 808728631 
842283040 875903024 
169883186 808465461 
825570361 842539064 
825440309 540096564 
959789322 875641141 
958411064 909719093 
858863924 876153376 
926168882 540028983 
808465977 876032053 
956964915 943075892 
842608948 943011872 
825439800 169883701 
943273521 842609208 
926425144 875966774 
540618804 892483850 
925906745 941634100 
892417591 875704377 
842533408 925905717 
540489777 825242677 
876097846 956964920 
943075892 808923444 
808859936 875574576 
169883704 825504312 
942880057 876159025 
942682675 540554551 
942684170 842021177 
941635637 859386425 
842609968 842598944 
825439286 540226352 
875574325 842348856 
940187701 876163641 
892613424 909588512 
892547888 169882169 
825242681 959854392 
876159033 876032563 
540160816 892811274 
959787063 941635632 
825766457 909718065 
926419488 825243957 
540161335 943273521 
892941112 940187702 
875705650 926365234 
942684192 808531510 
169883188 960050489 
926234935 892870711 
825373497 540293427 
808727818 875772210 
958413106 943143221 
909520953 959973920 
858863154 540620337 
909194297 825635891 
940187697 909522992 
892351281 892811296 
942944311 169882424 
808859448 876099384 
842539056 909522741 
540030260 808727818 
858797617 958411824 
825766452 892744244 
876087840 808595506 
540357681 825242681 
808924984 956964915 
943075892 858797875 
942684192 909652535 
169881907 842150968 
875574072 926425136 
858798389 540291632 
959852810 825440312 
941635128 909391920 
825635893 842533408 
808924469 540096051 
892482616 909130035 
940187700 875836722 
959460144 808727840 
892746032 169882678 
926496057 842217784 
926425138 825505333 
540095537 943012106 
808530228 958411830 
825702704 859385913 
892865056 859191352 
540291641 825636664 
926102325 956964918 
909194802 842545208 
808727840 959984176 
169882424 876097592 
926496054 926425143 
842215478 540226864 
909457674 959723065 
958412081 925905716 
842610741 876087840 
942683698 540554297 
808662073 926429489 
940187698 859059506 
808466489 959852832 
926103608 169881904 
842216505 842347319 
876093489 959460914 
540553266 909261066 
825569844 941634612 
909718839 876033846 
875891232 942749232 
540291128 875706680 
892875576 956964912 
809055538 892614454 
825506080 825504566 
169881648 875706680 
959788849 926425137 
875575093 540489523 
842283018 875770677 
958412848 809055538 
925972277 875891232 
959984688 540489527 
842347064 926298676 
940187703 959460919 
909391927 909457696 
959723065 169881650 
808662073 959984951 
808984626 858929464 
540292148 942684170 
960050488 941635123 
926233911 909587764 
909183520 859322425 
540291127 892678712 
825439280 956964914 
943206964 926232624 
909588512 809055537 
169882930 909259833 
926298680 875896885 
875902256 540095797 
842283274 825505846 
941633591 842019380 
926363953 876153376 
892548657 540488502 
859387192 842282552 
940187701 808858164 
943077689 842283040 
959985973 169882676 
875901496 942815539 
875896886 909259312 
540161331 892811274 
859060021 941634866 
875770420 909457464 
876153376 926429488 
540094519 825636664 
875967286 940187697 
825635385 875705395 
959461664 892876853 
169882161 892483896 
943208244 909189176 
842545209 540620337 
892483594 909259826 
958411064 892877109 
842609460 926419488 
959787318 540226352 
808859448 909455923 
889856051 909193268 
909195312 842610720 
842084664 169882679 
926496057 909129528 
876159027 892548657 
540160822 892483594 
875968055 958412597 
825702704 892743736 
842598944 959525942 
540555316 842347064 
892941108 889856055 
909193268 892547889 
859060512 892548914 
169881906 959592760 
825307444 876159026 
926429488 540160055 
892811274 909455415 
958410805 909325874 
875770421 876153376 
876099122 540162353 
892874808 825569587 
822747184 943208758 
943206707 808859936 
875574576 169883960 
842412601 859386931 
959979573 808925234 
540094775 892483594 
875771699 891303737 
959590452 926037043 
808978976 926037816 
540553528 926234424 
825373239 956964912 
825505845 909127987 
859060512 842216497 
169881906 892940345 
892940338 892936243 
859257145 540029497 
943011850 825439800 
891302965 842412084 
926102320 809044512 
876163385 540490034 
909455928 959984947 
956964913 942747700 
926496311 959461664 
959590965 169882169 
858929464 942813493 
959979569 825309234 
540424498 842283274 
859059257 824193329 
943208758 875705394 
808978976 959789112 
540554292 808859448 
942881081 940187700 
859124276 909455417 
959461664 926036533 
169881908 808465461 
909258803 808984624 
926037816 540553528 
943011850 909588791 
958412593 825505845 
875706417 842533408 
909522741 540161332 
926038328 875705396 
940187700 942683703 
808728631 942684192 
892680501 169883184 
858797109 943077173 
842539057 842281525 
540096566 942684170 
959722041 958411832 
909719093 892418356 
876153376 892809267 
540162360 926430520 
926431033 956964917 
943075892 842608948 
959461664 892482870 
169882931 943273521 
809054520 876093495 
808792370 540554809 
892811274 808728373 
958411319 842282546 
909324597 892865056 
943273784 540620851 
842019893 859189561 
956964914 892877109 
808532018 892483616 
858797108 169882161 
909194297 842085683 
809050168 825832249 
540029497 892483594 
943010614 941634361 
859124276 942683187 
808978976 875706680 
540620340 808465461 
892352057 940187697 
942944825 909194802 
959461664 808465201 
169882931 825242681 
808924984 926425136 
909326389 540160567 
959789322 825243188 
941634612 842479664 
808728631 959973920 
909391666 540160816 
943273521 926298680 
956964920 959723058 
926232630 842283040 
926363954 169882680 
875967033 858862898 
842539064 892351797 
540226355 808727818 
892680496 958412595 
825242420 909127986 
808978976 808662328 
540553778 876098873 
859320625 940187696 
808924466 875575090 
959789088 959789107 
169882417 942815544 
892351798 892870688 
909129528 169883704 
825831481 842348850 
909189176 859322425 
540291127 892483594 
875639608 941633848 
875770420 808794168 
809044512 959983929 
540423985 859387192 
842281522 889856053 
959590452 926036273 
842610720 892549172 
169882681 909457208 
808859955 876159032 
858994225 540554296 
892811274 875575095 
941633586 959920176 
943075636 808978976 
875835449 540160309 
960050489 842609464 
889856057 842281012 
892877107 959789088 
825702451 169882169 
842150968 842346808 
943202354 909457465 
540226864 959789322 
875575605 958411317 
858797618 859255350 
876087840 808531506 
540029495 892483896 
925972788 822747186 
943208758 825767474 
959461664 842478900 
169883696 943206456 
892942645 926425141 
959787318 540160816 
943011850 842283321 
891303218 892678196 
909718068 959973920 
825309234 540292914 
892679992 959460663 
956964917 859189556 
909653299 959789344 
825242169 169883191 
808662073 859190583 
808984630 943143224 
540423993 892811274 
875901752 891304244 
909193268 959460144 
909707808 808792112 
540620852 909259832 
909392176 940187700 
892877112 926232630 
842283040 808532018 
169882161 942815544 
808531767 892936247 
959985465 540555312 
892483594 875704375 
824193333 943208758 
959852850 876087840 
808792370 540554809 
858928184 808990260 
956964920 808596276 
875901746 959461664 
876033332 169882934 
842019893 909653554 
892936244 959985465 
540160563 892811274 
909457205 958412080 
825505845 925971249 
892865056 926496568 
540553526 842609976 
892548405 940187696 
942683703 808728631 
942684192 892416821 
169883184 808465461 
959723826 959979573 
859321394 540424504 
892483850 926037817 
941635640 876032562 
909652279 876153376 
942682675 540554551 
926233144 926168886 
956964916 909392181 
875968049 842283040 
959985460 169881648 
943273521 959853368 
876159030 909128243 
540423476 842610698 
909259833 958412084 
842282546 825504053 
892930592 926431033 
540553523 825242677 
825765942 956964918 
825242420 808794161 
842283040 858994738 
169881906 858863928 
825373488 959979576 
943142450 540424497 
959461642 808988983 
958412854 926497077 
808597811 842533408 
959460149 540291890 
842019893 825831993 
940187700 926298681 
842611001 959789344 
909129268 169882422 
959853881 825832502 
892870711 959983929 
540423477 959461642 
842216758 958413113 
943143221 875836217 
842533408 842281525 
540620337 943273521 
959525688 940187697 
909522992 859254834 
959789088 892352817 
169882424 959983672 
859190328 876159024 
859058483 540291634 
808727818 959656500 
941634361 825766457 
876032561 926419488 
825243957 540161335 
858863928 875705392 
956964916 959527216 
943075891 959789344 
825243188 169882676 
926494777 808990512 
808984632 842610488 
540160305 808727818 
942682678 958411317 
892483888 842217529 
809044512 842609465 
540423985 825242681 
808924984 940187696 
926429753 842084663 
909261088 909259570 
169881651 842150968 
875574072 808984624 
842216760 540553520 
959852810 825374776 
958411062 825766452 
875836725 808978976 
825439544 540489271 
959592760 875705907 
956964919 943274293 
892744757 808727840 
859125045 169882161 
875706680 959787832 
926425140 875575093 
540358451 875706378 
858994993 958411571 
808596276 943011640 
892930592 842348601 
540030264 808859448 
876099384 940187696 
959920176 808923954 
808727840 942945589 
169883952 959984952 
942749746 808984628 
809056568 540030514 
909457674 959723065 
941633586 959789104 
909586998 926419488 
825243957 540423223 
876164409 909521206 
940187700 858797623 
842216243 959852832 
959592504 169882675 
808596536 959985969 
809050163 859125305 
540292405 842610698 
842412857 958411828 
1534163940 54152 
8061120 8064464 
0 0 
0 0 
0 0 
0 0 
0 0 
0 0 
0 0 
0 0 
0 0 
0 0 
0 0 
0 0 
0 0 
0 0 
0 0 
0 0 
0 0 
0 0 
0 0 
0 0 
0 0 
0 0 
0 0 
0 0 
0 0 
0 0 
0 0 
0 0 
0 0 
0 0 
0 0 
0 0 
0 0 
0 0 
0 0 
0 0 
0 0 
0 0 
0 0 
0 0 
0 0 
0 0 
0 0 
0 0 
0 0 
0 0 
0 0 
0 0 
0 0 
0 0 
0 0 
0 0 
0 0 
0 0 
0 0 
0 0 
0 0 
0 0 
0 0 
0 0 
0 0 
0 0 
0 0 
0 0 
0 0 
0 0 
0 0 
0 0 
0 0 
0 0 
0 0 
0 0 
0 0 
0 0 
0 0 
0 0 
0 0 
0 0 
0 0 
0 0 
0 0 
0 0 
0 0 
0 0 
0 0 
0 0 
0 0 
0 0 
0 0 
0 0 
0 0 
0 0 
0 0 
0 0 
0 0 
0 0 
0 0 
0 0 
0 0 
0 0 
0 0 
0 0 
0 0 
0 0 
0 0 
0 0 
0 0 
0 0 
0 0 
0 0 
0 0 
0 0 
0 0 
0 0 
0 0 
0 0 
0 0 
0 0 
0 0 
0 0 
0 0 
0 0 
0 0 
0 0 
0 0 
0 0 
0 0 
0 0 
0 0 
0 0 
0 0 
0 0 
0 0 
0 0 
0 0 
0 0 
0 0 
0 0 
0 0 
0 0 
0 0 
0 0 
0 0 
0 0 
0 0 
0 0 
0 0 
0 0 
0 0 
0 0 
0 0 
0 0 
0 0 
0 0 
0 0 
0 0 
0 0 
0 0 
0 0 
0 0 
0 0 
0 0 
0 0 
0 0 
0 0 
0 0 
0 0 
0 0 
0 0 
0 0 
0 0 
0 0 
0 0 
0 0 
0 0 
0 0 
0 0 
0 0 
0 0 
0 0 
0 0 
0 0 
0 0 
0 0 
0 0 
0 0 
0 0 
0 0 
0 0 
0 0 
0 0 
0 0 
0 0 
0 0 
0 0 
0 0 
0 0 
0 0 
0 0 
0 0 
0 0 
0 0 
0 0 
0 0 
0 0 
0 0 
0 0 
0 0 
0 0 
0 0 
0 0 
0 0 
0 0 
0 0 
0 0 
0 0 
0 0 
0 0 
0 0 
0 0 
0 0 
0 0 
0 0 
0 0 
0 0 
0 0 
0 0 
0 0 
0 0 
0 0 
0 0 
0 0 
0 0 
0 0 
0 0 
0 0 
0 0 
0 0 
0 0 
0 0 
0 0 
0 0 
0 0 
0 0 
0 0 
0 0 
0 0 
0 0 
0 0 
0 0 
0 0 
0 0 
0 0 
0 0 
0 0 
0 0 
0 0 
0 0 
0 0 
0 0 
0 0 
0 0 
0 0 
0 0 
0 0 
0 0 
0 0 
0 0 
0 0 
0 0 
0 0 
0 0 
0 0 
0 0 
0 0 
0 0 
0 0 
0 0 
0 0 
0 0 
0 0 
0 0 
0 0 
0 0 
0 0 
0 0 
0 0 
0 0 
0 0 
0 0 
0 0 
0 0 
0 0 
0 0 
0 0 
0 0 
0 0 
0 0 
0 0 
0 0 
0 0 
0 0 
0 0 
0 0 
0 0 
0 0 
0 0 
0 0 
0 0 
0 0 
0 0 
0 0 
0 0 
0 0 
0 0 
0 0 
0 0 
0 0 
0 0 
0 0 
0 0 
0 0 
0 0 
0 0 
0 0 
0 0 
0 0 
0 0 
0 0 
0 0 
0 0 
0 0 
0 0 
0 0 
0 0 
0 0 
0 0 
0 0 
0 0 
0 0 
0 0 
0 0 
0 0 
0 0 
0 0 
0 0 
0 0 
0 0 
0 0 
0 0 
0 0 
0 0 
0 0 
0 0 
0 0 
0 0 
0 0 
0 0 
0 0 
0 0 
0 0 