26670 817 
11282 1480 
7777 4443 
8892 5218 
79 6842 
23782 8255 
19630 8471 
9612 8719 
15516 11373 
13874 12601 
19743 13485 
23662 13788 
29065 14564 
23496 14691 
6243 15227 
7955 16001 
15056 16944 
8898 17065 
20461 17196 
2609 19603 
18020 20009 
30141 21889 
8780 22346 
4281 22490 
13230 26453 
26027 27796 
6357 27874 
18554 27992 
23682 32126 
10731 32276 
-1232063442 40761 
7673704 7667904 
8892 5218 
23782 8255 
9612 8719 
15516 11373 
13874 12601 
19743 13485 
23662 13788 
23496 14691 
6243 15227 
7955 16001 
8898 17065 
18020 20009 
13230 26453 
23682 32126 
150994953 40758 
7673832 7667904 
7673704 7667904 
1969450820 1953391981 
1197241199 1967682665 
1632394338 1634742882 
1650543708 1952543343 
1869181551 2776116 
1936876915 1852138076 
-1533987779 151035711 
1432107587 1936876915 
1852138076 1331454314 
1917085038 1550153321 
1969450820 1953391981 
1197241199 1967682665 
1632394338 1634742882 
1650543708 1952543343 
1869181551 1634491444 
1697526882 1929405816 
-1433324493 134258476 
-1 -1 
0 0 
0 4000 
-1433324493 134258466 
-1 -1 
0 0 
0 4000 
-1299172310 40738 
7671248 7673360 
7777 4443 
79 6842 
19630 8471 
29065 14564 
15056 16944 
20461 17196 
2609 19603 
30141 21889 
8780 22346 
4281 22490 
26027 27796 
6357 27874 
18554 27992 
10731 32276 
218103821 40758 
7673360 7667904 
1633906508 1917869164 
1634887535 1297904493 
1869767529 1952870259 
542332448 1701080899 
1936028252 1668445551 
1633448805 1700556912 
1852142712 1852795251 
1768381555 1768184948 
1633449075 1634757491 
1831695219 778987873 
29546 0 
-342805390 134258491 
2 1252 
0 0 
0 0 
0 0 
0 0 
0 0 
0 0 
0 0 
0 0 
0 0 
0 0 
0 269484032 
269488144 269488144 
269488144 269488144 
269488144 269488144 
0 538968064 
538976288 538976288 
538976288 538976288 
538976288 538976288 
0 0 
32 268435456 
268439552 0 
0 536870912 
536879104 16 
0 536870912 
0 0 
2097152 536870912 
0 269488128 
269488144 269488144 
269488144 269488144 
269488144 269488128 
269488144 538976288 
538976288 538976288 
538976288 538976288 
538976288 538976256 
538976288 32 
0 0 
0 0 
0 0 
0 0 
0 0 
0 0 
0 0 
0 1650524160 
1717920867 1785292903 
1852664939 1920036975 
1987409011 2054781047 
0 1111556096 
1178944579 1246316615 
1313688651 1381060687 
1448432723 1515804759 
0 0 
131 -1711276032 
-1644127232 0 
0 -1979711488 
-1912566784 255 
0 -1442840576 
0 0 
11862016 -1174405120 
0 -488513536 
-421141277 -353769241 
-286397205 -219025169 
-151653133 -84281344 
-16909061 -1027489569 
-960117565 -892745529 
-825373493 -758001457 
-690629421 -623257600 
-555885349 159 
932263343 151035747 
7674700 7674731 
7674770 7674837 
7674892 7674952 
7675001 7675030 
7675066 7675116 
7675165 7675205 
7675218 7675240 
7675282 7675312 
7675335 7675368 
7675409 7675448 
7675462 7676264 
7676331 7676358 
7676387 7676461 
7676479 7676503 
7676530 7676566 
7676607 7676637 
7676919 7676942 
7676962 7676977 
7676999 7677038 
7677076 7677103 
7677145 7677160 
7677187 7677205 
7677225 7677253 
7677270 7677290 
7677348 7677461 
7677550 7677613 
0 1431063617 
1397900627 1179603536 
1027951689 1348221507 
1919381362 1631874401 
1090543988 1094996048 
1128087892 1934974010 
1551069797 1785619810 
1883331681 1952531568 
1867668577 1852403041 
1212350567 1162694482 
1095910239 1095780435 
1230004036 1314866512 
1027951937 1546542172 
1701865840 1634886492 
1634756723 892428132 
1597517872 1481920854 
1280657242 1280134737 
1262634830 1836008192 
1349414765 1919381362 
1766223201 1030972780 
1348221507 1919381362 
1176530273 1936026729 
947398688 1130113334 
1869442415 1766203502 
7562604 1835888451 
1917873775 1634887535 
1818838637 2015916901 
1026111032 1348221507 
1919381362 1176530273 
1936026729 947398688 
1130113334 1869442415 
1766203502 7562604 
1835888451 1917873775 
1634887535 875976557 
1128084019 1917869114 
1634887535 1766203501 
1551066476 1835888451 
1176530543 1936026729 
1297040128 1163154768 
1296125522 1162100037 
1330924371 1295592784 
1429292870 1866661960 
1701860205 977485155 
1852397404 1937207140 
1937339228 862807412 
1835228210 2019896932 
1917059173 1919252073 
1635017028 1547322173 
1684957527 1551071087 
1953724755 842231141 
1769096284 1936876918 
1769096284 1148347766 
6386785 1599295558 
1464816194 1599227219 
1599098945 1179603536 
1598377033 1230132307 
1228752718 1919251566 
544499054 1819310149 
1919251055 1397769728 
1330791007 1380275031 
1163089247 1380998994 
1279870543 1414750021 
1196312914 1717912637 
1953264993 1297041408 
1230128197 1128088918 
1330118714 1095779661 
1547520084 1919251285 
1700945011 6384238 
1094930252 1347436876 
1096040772 1547322173 
1919251285 1700945011 
1549888110 1148219457 
1549890657 1633906508 
1330380908 1397641031 
1163285061 1549548882 
1263748420 760237908 
1195789625 4740401 
1112364366 1331647045 
1380998982 1397048143 
1397903187 1325413437 
1917085038 1030059625 
1432107587 1936876915 
1852138076 1331454314 
1917085038 6649449 
1147498063 1702259058 
1936617283 1919249781 
1547322173 1919251285 
1700945011 1549888110 
1147498063 1702259058 
1230130944 1095649607 
1146642252 1430478663 
1313165906 1162108756 
1330924371 1853177168 
1768318308 6579566 
1463636815 1868852841 
1314878327 1632632916 
1128097908 1917869114 
1634887535 1766203501 
1551066476 1684957527 
1098086255 1551069296 
1919117645 1718580079 
1867525748 1400006007 
1819043176 841889631 
808333614 875984991 
2000183135 1652124517 
1647862835 996505442 
1348221507 1919381362 
1176530273 1936026729 
947398688 1130113334 
1869442415 1766203502 
1551066476 1667330639 
1247569260 1549891169 
1635148138 1752457584 
1547322171 1684957527 
1551071087 1953724787 
842231141 1547322171 
1684957527 997422959 
1465662019 1868852841 
1398567799 1702130553 
1546793837 1835360855 
1547322171 1684957527 
1551071087 1953724755 
842231141 1852397404 
1937207140 1702326096 
1701335922 1985768556 
1546661425 1547322171 
1684957527 1551071087 
1953724755 842231141 
1701859164 1213420398 
977484636 1869762652 
1835102823 1818838560 
1314681701 1229211990 
1866670145 1919905906 
1869182049 1447976046 
1095320649 1148603936 
1381189964 1547322171 
1735357008 544039282 
1701603654 1869503603 
1936352612 977484636 
1869762652 1835102823 
1818838560 1683780453 
1701737583 1127963764 
1917869114 1634887535 
1766203501 1551066476 
1551132999 996437347 
1348221507 1919381362 
1176530273 1936026729 
947398688 1314662710 
1229211990 1866670145 
1919905906 1869182049 
1750097006 1549300601 
1835888451 1127968367 
1934974010 1551069797 
1785619810 1883331681 
1952531568 1867275361 
1550606691 1735357008 
1936548210 1954107484 
1550741352 1752463696 
959671919 1919112028 
1937010793 977484636 
1702057308 1650226034 
1634365029 1886404956 
1635017028 1668238428 
1348234337 1919381362 
1551068513 1752463696 
1348234863 1869116537 
1547252590 1547322171 
1919251285 1700945011 
1549888110 1148219457 
1549890657 1633906508 
1766677612 1936683619 
1551132271 1684957527 
1098086255 997421168 
1432107587 1936876915 
1852138076 1096573290 
1631875184 1281122676 
1818321775 1869762652 
1835102823 1766677619 
1936683619 544499311 
1126191958 1550148719 
997091682 1297889859 
1464299113 1852400220 
1547322171 1919251285 
1700945011 1549888110 
1148219457 1549890657 
1835102034 1550282345 
997027950 1432107587 
1936876915 1852138076 
777806186 1853124452 
1952216165 1936486255 
1547322171 1919251285 
1700945011 1549888110 
1148219457 1549890657 
1633906508 1766284396 
1651853428 1802724676 
1550872436 7235938 
1213481296 1028937797 
1297040174 1480928827 
1110326085 775640129 
994331971 1396856366 
1112944187 1244543813 
1244543827 775636307 
994464599 1213421358 
1397567035 1127103299 
1342196816 1162039122 
1380930387 1129464159 
1163151688 1381323843 
947404101 1380974646 
1397048143 1599229779 
1212371521 1464161353 
842216502 1145913661 
1342190646 1162039122 
1380930387 1162103135 
1179210830 1028801865 
1702129225 540292716 
1768776006 908097900 
1685015840 824208485 
1394620469 1886414196 
543649385 539767089 
1970169159 1231384169 
1818588270 1330794496 
1397966147 1281315407 
1279612485 1342191165 
1162039122 1380930387 
1447383647 1330205513 
1698250062 1342202416 
1919381362 1631874401 
1128096116 1917869114 
1634887535 1952531565 
1917845601 1634887535 
1818838637 1128100709 
1917869114 1634887535 
1766203501 544433516 
909670440 1917845545 
1634887535 1818838637 
2015916901 1026111032 
1348221507 1919381362 
1176530273 1936026729 
947398688 1342187830 
1919381362 911699297 
1026700084 1348221507 
1919381362 1176530273 
1936026729 1297305600 
1819632751 1952534629 
977485160 1702057308 
1650226034 1634365029 
1701728092 1986622020 
1866751077 1701672291 
1936684142 2003783772 
1750299237 1550609509 
1969516365 997418348 
1348221507 1919381362 
1176530273 1936026729 
2003783772 1750299237 
1550609509 1969516365 
997418348 1885092451 
1919381362 1713401185 
1936026729 1852405596 
1937207140 1936748641 
1667853660 1869836146 
1882092646 1919252335 
1818585203 775380844 
774975026 913858352 
945774388 2037081463 
946090850 1702322786 
1685015900 1936026741 
1547322171 1735357008 
544039282 1701603654 
1767332979 2003788910 
2003783795 1750299237 
1550609509 1969516365 
997418348 1465662019 
1868852841 1935438711 
1702130553 1546793837 
1684957527 1349744495 
1919252335 1818585171 
829840492 1297887278 
1819632751 1342206821 
1229734485 977485123 
1702057308 1348236146 
1768710773 1163067491 
1330205523 1296125518 
1866677573 1819243374 
2035482725 1835365491 
1986622020 977485157 
1937330944 1382901108 
1031040879 1465662019 
1868852841 1409315703 
1028672837 1432107587 
1936876915 1852138076 
1096573290 1631875184 
1281122676 1818321775 
1835357276 1297350768 
977485136 1702057308 
1650226034 1634365029 
1886404956 1635017028 
1668238428 1415343201 
7368037 1380275029 
1095585604 1144868425 
1414222661 959270991 
826754637 1426081877 
1146242387 1229016399 
1330798414 1313426753 
1330794567 1162627398 
1397048381 1347376203 
1179466029 1213542727 
1163089152 1296125522 
1700937029 6384238 
1380275029 1179603536 
1027951689 1432107587 
1936876915 1852138076 
1996513642 1768189545 
977485170 1852397404 
1937207140 1380275200 
1380998989 1095911247 
1937128781 1701080931 
1380275200 1380998989 
1095911247 1163288397 
1330205522 774978894 
841888566 1312902144 
1936014663 777209183 
759583829 1329791032 
1414680396 1028477509 
1702195828 1869377379 
1398145138 1162104643 
1414088543 1129335135 
1312901215 1027951684 
1546542172 1701865840 
1668511324 761619567 
762603879 1664574054 
842031924 1932342628 
7037807 1599359303 
1347113793 1028870977 
1432107619 1936876915 
1852138076 1096573290 
1631875184 1281122676 
1818321775 1869762652 
1835102823 1766677619 
1936683619 544499311 
1126191958 1550148719 
1869833586 1701016181 
1885428851 2019908720 
1936614772 1936617321 
1953064796 1936286812 
1935760500 1935765611 
1752378995 1129534976 
1598374991 1599359303 
1347113793 1599296321 
1162104654 1547322173 
1919251285 1700945011 
1549888110 1148219457 
1549890657 1633906508 
1917869164 1634887535 
1297904493 1869767529 
1952870259 542332448 
1701080899 1685013340 
2019896933 1398145125 
1162104643 1414088543 
1263747423 1397965136 
1415071071 1096761682 
1028867922 1936534829 
1634624813 761621602 
1667591269 1852797556 
1853190701 762536237 
1701080942 1129534976 
1598374991 1599359303 
1347113793 1599296321 
1313423693 1547330365 
1919251285 1700945011 
1549888110 1148219457 
1549890657 1633906508 
1917869164 1634887535 
1297904493 1869767529 
1952870259 542332448 
1701080899 1936028252 
1668445551 1633448805 
1700556912 1852142712 
1852795251 1768381555 
1768184948 1633449075 
1634757491 1831695219 
778987873 29546 
-1081002970 134258366 
-2038100933 -1365721826 
-359088878 0 
0 0 
0 0 
0 0 
0 0 
0 0 
0 0 
0 0 
0 0 
0 0 
0 0 
0 0 
0 0 
0 0 
0 0 
-1366215370 134258487 
1988445696 1988445728 
1988445760 1988445792 
1988445824 1988445856 
1988445888 1988445920 
1988445952 1988445984 
1988446016 1988446048 
1988446080 1988446112 
1988446144 1988446176 
1988446208 1988446240 
1988446272 1988446304 
0 0 
0 0 
0 0 
0 0 
0 0 
0 0 
0 0 
0 0 
0 0 
0 0 
0 0 
0 0 
0 0 
0 0 
0 0 
0 0 
0 0 
0 0 
0 0 
0 0 
0 0 
0 0 
0 0 
0 0 
0 0 
0 0 
0 0 
0 0 
0 0 
0 0 
0 0 
0 0 
0 0 
0 0 
0 0 
0 0 
0 0 
0 0 
0 0 
0 0 
0 0 
0 0 
0 0 
0 0 
0 0 
0 0 
0 0 
0 0 
0 0 
0 0 
0 0 
0 0 
0 0 
0 0 
0 0 
0 0 
0 0 
0 0 
0 0 
0 0 
0 0 
0 0 
0 0 
0 0 
0 0 
0 0 
0 0 
0 0 
0 0 
0 0 
0 0 
0 0 
0 0 
0 0 
0 0 
0 0 
0 0 
0 0 
0 0 
0 0 
0 0 
0 0 
0 0 
0 0 
0 0 
0 0 
0 0 
0 0 
0 0 
0 0 
0 0 
0 0 
0 0 
0 0 
0 0 
0 0 
0 0 
0 0 
0 0 
0 0 
0 0 
0 0 
0 0 
0 0 
0 0 
0 0 
0 0 
0 0 
0 0 
0 0 
0 0 
0 0 
0 0 
0 0 
0 0 
0 0 
0 0 
0 0 
0 0 
0 0 
0 0 
0 0 
0 0 
0 0 
0 0 
0 0 
0 0 
0 0 
0 0 
0 0 
0 0 
0 0 
0 0 
0 0 
0 0 
0 0 
0 0 
0 0 
0 0 
0 0 
0 0 
0 0 
0 0 
0 0 
0 0 
0 0 
0 0 
0 0 
0 0 
0 0 
0 0 
0 0 
0 0 
0 0 
0 0 
0 0 
0 0 
0 0 
0 0 
0 0 
0 0 
0 0 
0 0 
0 0 
0 0 
0 0 
0 0 
0 0 
0 0 
0 0 
0 0 
0 0 
0 0 
0 0 
0 0 
0 0 
0 0 
0 0 
0 0 
0 0 
0 0 
0 0 
0 0 
0 0 
0 0 
0 0 
0 0 
0 0 
0 0 
0 0 
0 0 
0 0 
0 0 
0 0 
0 0 
0 0 
0 0 
0 0 
0 0 
0 0 
0 0 
0 0 
0 0 
0 0 
0 0 
0 0 
0 0 
0 0 
0 0 
0 0 
0 0 
0 0 
0 0 
0 0 
0 0 
0 0 
0 0 
0 0 
0 0 
0 0 
0 0 
0 0 
0 0 
0 0 
0 0 
0 0 
0 0 
0 0 
0 0 
0 0 
0 0 
0 0 
0 0 
0 0 
0 0 
0 0 
0 0 
0 0 
0 0 
0 0 
0 0 
0 0 
0 0 
0 0 
0 0 
0 0 
-1433324493 335584807 
1987711676 1987725064 
0 0 
0 0 
-1382992330 134258466 
1919381065 1918989157 
1836019232 543519330 
1629513060 1768448882 
540700534 673202017 
540876849 790653299 
1025520160 695168544 
808460346 808464432 
673188384 692989779 
0 0 
0 0 
0 0 
0 0 
0 0 
0 0 
0 0 
0 0 
0 0 
0 0 
0 0 
0 0 
0 0 
0 0 
0 0 
0 0 
0 0 
0 0 
0 0 
0 0 
0 0 
0 0 
0 0 
0 0 
0 0 
0 0 
0 0 
0 0 
0 0 
0 0 
0 0 
0 0 
0 0 
0 0 
0 0 
0 0 
0 0 
0 0 
0 0 
0 0 
0 0 
0 0 
0 0 
0 0 
0 0 
0 0 
0 0 
0 0 
0 0 
0 0 
0 0 
0 0 
0 0 
0 0 
0 0 
0 0 
0 0 
0 0 
0 0 
0 0 
0 0 
0 0 
0 0 
0 0 
0 0 
0 0 
0 0 
0 0 
0 0 
0 0 
0 0 
0 0 
0 0 
0 0 
0 0 
0 0 
0 0 
0 0 
0 0 
0 0 
0 0 
0 0 
0 0 
0 0 
0 0 
0 0 
0 0 
0 0 
0 0 
0 0 
0 0 
0 0 
0 0 
0 0 
0 0 
0 0 
0 0 
0 0 
0 0 
0 0 
0 0 
0 0 
0 0 
0 0 
0 0 
0 0 
0 0 
0 0 
0 0 
0 0 
0 0 
0 0 
0 0 
0 0 
0 0 
0 0 
0 0 
0 0 
0 0 
0 0 
0 0 
0 0 
0 0 
0 0 
0 0 
0 0 
0 0 
0 0 
0 0 
0 0 
0 0 
0 0 
0 0 
0 0 
0 0 
0 0 
0 0 
0 0 
0 0 
0 0 
0 0 
0 0 
0 0 
0 0 
0 0 
0 0 
0 0 
0 0 
0 0 
0 0 
0 0 
0 0 
0 0 
0 0 
0 0 
0 0 
0 0 
0 0 
0 0 
0 0 
0 0 
0 0 
0 0 
0 0 
0 0 
0 0 
0 0 
0 0 
0 0 
0 0 
0 0 
0 0 
0 0 
0 0 
0 0 
0 0 
0 0 
0 0 
0 0 
0 0 
0 0 
0 0 
0 0 
0 0 
0 0 
0 0 
0 0 
0 0 
0 0 
0 0 
0 0 
0 0 
0 0 
0 0 
0 0 
0 0 
0 0 
0 0 
0 0 
0 0 
0 0 
0 0 
0 0 
0 0 
0 0 
0 0 
0 0 
0 0 
0 0 
0 0 
0 0 
0 0 
0 0 
0 0 
0 0 
0 0 
0 0 
0 0 
0 0 
0 0 
0 0 
0 0 
0 0 
0 0 
0 0 
0 0 
0 0 
0 0 
0 0 
0 0 
0 0 
0 0 
0 0 
0 0 
0 0 
0 0 
0 0 
0 0 
0 0 
0 0 
0 0 
0 0 
0 0 
0 0 
0 0 
0 0 
0 0 
0 0 
0 0 
0 0 
0 0 
0 0 
0 0 
0 0 
0 0 
0 0 
0 0 
0 0 
0 0 
0 0 
0 0 
0 0 
0 0 
0 0 
0 0 
0 0 
0 0 
0 0 
0 0 
0 0 
0 0 
0 0 
0 0 
0 0 
0 0 
0 0 
0 0 
0 0 
0 0 
0 0 
0 0 
0 0 
0 0 
0 0 
0 0 
0 0 
0 0 
0 0 
0 0 
0 0 
0 0 
0 0 
0 0 
0 0 
0 0 
0 0 
0 0 
0 0 
0 0 
0 0 
0 0 
0 0 
0 0 
0 0 
0 0 
0 0 
0 0 
0 0 
0 0 
0 0 
0 0 
0 0 
0 0 
0 0 
0 0 
0 0 
0 0 
0 0 
0 0 
0 0 
0 0 
0 0 
0 0 
0 0 
0 0 
0 0 
0 0 
0 0 
0 0 
0 0 
0 0 
0 0 
0 0 
0 0 
0 0 
0 0 
0 0 
0 0 
0 0 
0 0 
0 0 
0 0 
0 0 
0 0 
0 0 
0 0 
0 0 
0 0 
0 0 
0 0 
0 0 
0 0 
0 0 
0 0 
0 0 
0 0 
0 0 
0 0 
0 0 
0 0 
0 0 
0 0 
0 0 
0 0 
0 0 
0 0 
0 0 
0 0 
0 0 
0 0 
0 0 
0 0 
0 0 
0 0 
0 0 
0 0 
0 0 
0 0 
0 0 
0 0 
0 0 
0 0 
0 0 
0 0 
0 0 
0 0 
0 0 
0 0 
0 0 
0 0 
0 0 
0 0 
0 0 
0 0 
0 0 
0 0 
0 0 
0 0 
0 0 
0 0 
0 0 
0 0 
0 0 
0 0 
0 0 
0 0 
0 0 
0 0 
0 0 
0 0 
0 0 
0 0 
0 0 
0 0 
0 0 
0 0 
0 0 
0 0 
0 0 
0 0 
0 0 
0 0 
0 0 
0 0 
0 0 
0 0 
0 0 
0 0 
0 0 
0 0 
0 0 
0 0 
0 0 
0 0 
0 0 
0 0 
0 0 
0 0 
0 0 
0 0 
0 0 
0 0 
0 0 
0 0 
0 0 
0 0 
0 0 
0 0 
0 0 
0 0 
0 0 
0 0 
0 0 
0 0 
0 0 
0 0 
0 0 
0 0 
0 0 
0 0 
0 0 
0 0 
0 0 
0 0 
0 0 
0 0 
0 0 
0 0 
0 0 
0 0 
0 0 
0 0 
0 0 
0 0 
0 0 
0 0 
0 0 
0 0 
0 0 
0 0 
0 0 
0 0 
0 0 
0 0 
0 0 
0 0 
0 0 
0 0 
0 0 
0 0 
0 0 
0 0 
0 0 
0 0 
0 0 
0 0 
0 0 
0 0 
0 0 
0 0 
0 0 
0 0 
0 0 
0 0 
-1382992330 134257959 
805969968 169881632 
540024880 807415818 
540019232 805969968 
169881632 540024880 
807415818 540019232 
805969968 169881632 
540024880 807415818 
540019232 805969968 
169881632 540024880 
807415818 540019232 
805969968 169881632 
540024880 807415818 
540019232 805969968 
169881632 540024880 
807415818 540019232 
805969968 169881632 
540024880 807415818 
540019232 805969968 
169881632 540024880 
807415818 540019232 
805969968 169881632 
540024880 807415818 
540019232 805969968 
169881632 540024880 
540031032 808727818 
808530736 941634099 
842479664 942749751 
808978976 808662328 
540422967 909194297 
959460403 940187705 
926167604 875968057 
842283296 926495799 
169881909 959983672 
926496823 808984630 
842413624 540553779 
808727818 959590964 
958412598 959527216 
926495284 892930592 
808858681 540225588 
825242681 808924984 
956964917 909194802 
875574839 892811296 
808990265 169883445 
842150968 959591224 
842604598 892941366 
540621111 959852810 
959526968 958413104 
943274293 842479155 
842598944 909718582 
540226104 959983672 
859190328 940187696 
825504308 875705907 
808727840 926102837 
169883959 926429240 
825767730 892936248 
809055545 540292665 
943012106 892481844 
958412857 842348853 
909193783 842598944 
892941366 540293170 
959592760 959787059 
940187698 892876848 
825767480 808727840 
892678706 169883704 
842347064 943075892 
808984625 875706680 
540293177 909457674 
959723065 958412593 
959527216 842020916 
926419488 876033333 
540619576 942815544 
959590705 940187702 
960051248 892744240 
959852832 875771960 
169882932 825373752 
909717557 892936248 
825832761 540291634 
842283018 892612662 
941635641 876163641 
909521713 875891232 
825374256 540094769 
943273273 825766453 
956964912 842348853 
943077686 943012128 
825438516 169882672 
842216505 959591479 
876093491 959919154 
540357937 842283018 
959985973 958411828 
825702704 842544440 
875891232 909259312 
540291121 960050489 
926298936 940187698 
959527221 942814000 
808728864 909588529 
169883193 892678712 
808662064 926425144 
892352309 540487737 
942684170 943141431 
958410804 808531506 
926103602 909183520 
859322425 540620089 
875967033 875706674 
940187696 909587762 
808662839 842610720 
842412857 169883700 
809054264 875902261 
875896885 842609200 
540358198 859060490 
825372976 941635120 
942944825 875837489 
892930592 842085432 
540489016 858928184 
892876852 956964915 
959527216 859322163 
842283040 959985973 
169882676 959592760 
909324596 875896886 
859386416 540030769 
959789322 926038325 
958410806 943143221 
959787063 876153376 
926429488 540555574 
942815544 876099127 
940187704 909587762 
808989751 942684192 
943141431 169881652 
909261112 808925239 
909189174 859322425 
540291127 842283018 
808924211 958411830 
925905716 842610741 
808978976 876099896 
540357174 926234424 
943076912 889856048 
959590452 926363955 
959461664 909587764 
169882679 926496057 
909128498 892936245 
842085432 540227893 
959789322 842478133 
941635121 842019380 
909195568 842598944 
959525942 540555316 
808859448 858993459 
889856051 825634868 
909587769 842283296 
892678456 169882676 
892941625 808923193 
876159029 926429488 
540160055 808859914 
842085680 941635636 
876032569 808727092 
892930592 842348601 
540160824 926234424 
909717815 822747184 
943208758 842217778 
892483616 926103347 
169882165 926494777 
892679985 959979575 
909326642 540554290 
892483594 926036792 
891302198 959590452 
875771441 876087840 
859320882 540553520 
909261112 909521457 
956964914 859189556 
825505333 909588512 
909325873 169881908 
892940345 825700658 
926425139 825833525 
540160818 892483594 
842282803 891303477 
959459380 959854388 
876153376 859255347 
540227378 926233144 
892614198 956964915 
909719093 842086708 
842283040 943207475 
169882421 808662073 
943077175 876159030 
842084403 540553777 
892483594 892875572 
824194609 943208758 
842479154 876087840 
909193778 540356661 
892941625 926167353 
940187705 959460919 
825832499 959789344 
825831737 169882677 
858797109 859387701 
876093495 859320882 
540553520 959789322 
959789113 958411575 
825505845 942815281 
842533408 842020661 
540291127 892482616 
875836468 940187696 
959984951 842215985 
959461664 859387186 
169882161 842019893 
842084665 909713457 
808792112 540620852 
909261066 959985970 
958412339 942747700 
943273527 892930592 
926037305 540095026 
942814265 808465457 
940187696 842479664 
875968568 959461664 
892876853 169883954 
943273521 959525688 
959979571 943142450 
540160311 942684170 
808597046 958411830 
842282546 875835701 
959973920 842347314 
540618803 875574325 
859256632 956964919 
943075892 808923444 
859060512 875639857 
169881907 876098873 
808988721 808984628 
825439544 540422197 
909261066 909324337 
958411312 942750000 
808596787 892865056 
842150713 540357172 
909128757 942682162 
940187705 909718839 
858992695 892811296 
909520951 169882679 
825242681 959854392 
809050166 926430521 
540161591 942684170 
942814774 941635891 
825635380 808597296 
876087840 842085426 
540489016 943273521 
808923960 940187696 
892352816 875967028 
892811296 842149945 
169881910 943011640 
943207993 876093493 
959460914 540028978 
808727818 825767219 
941635641 909130037 
809055280 842533408 
842478389 540423993 
909194297 842085683 
956964912 876163636 
892483636 892811296 
876032824 169883960 
959592760 959787059 
876093490 892874802 
540160820 808727818 
809056308 941635121 
842610741 876097848 
959973920 909588530 
540161336 959853881 
825832502 956964917 
842348853 909193783 
959789088 825373235 
169882422 842150968 
875574072 892936240 
892877113 540227385 
959852810 909260856 
958412343 959789365 
808859442 809044512 
875705145 540424501 
943011640 943207993 
940187702 942881077 
909194294 808727840 
925905712 169883958 
926496057 842217784 
842604594 942878774 
540357171 943012106 
942682420 958412336 
875639604 825373235 
892930592 926431033 
540227120 825636664 
926102325 956964918 
842282546 943207481 
808727840 892679477 
169882679 942814265 
875902257 926425140 
960049206 540488241 
808728842 926365745 
958411824 943012144 
842413879 808978976 
959985976 540095799 
909259833 959525944 
956964914 875639604 
825439281 959852832 
909195320 169882165 
842608697 825307446 
808984626 892483896 
540619570 959461642 
825833521 941634615 
842217781 892482610 
875891232 825831984 
540488241 842150968 
825242424 940187704 
842610736 825307700 
943012128 942747956 
169881651 959787577 
825701680 876093494 
808531506 540095543 
942684170 959985465 
941635127 959460919 
909719609 875891232 
926233392 540292913 
842412601 842282035 
956964916 925905716 
842086710 959985696 
808858936 169883700 
892941625 892612665 
842604594 859190070 
540357945 959789322 
909194804 958411830 
943012144 875968311 
909183520 842545209 
540620598 875967033 
892352057 956964919 
842086704 943273016 
842610720 842412857 
169882932 808596536 
859059512 875896882 
926036528 540227896 
959789322 859387959 
941634098 926167604 
858992952 876153376 
892548657 540095025 
808596536 942881073 
956964912 959527216 
943076661 842283040 
959985973 169882676 
892941625 876164402 
875896882 892679472 
169882167 943273521 
909193784 876159031 
859255347 540095029 
959461642 926103857 
941634616 892417591 
825438265 892865056 
892678713 540488755 
808465461 842020153 
956964921 909392181 
842282545 909261088 
942878769 169883445 
909194297 825635891 
959979574 925971506 
540096821 892483594 
842543924 941634870 
909652537 909455413 
959973920 943142450 
540225847 875574325 
892811320 940187701 
909391920 825635893 
842283040 825242160 
169882421 959853881 
842609718 809050161 
842609465 540096561 
842283018 892483634 
958412084 909261104 
943206449 876153376 
943142962 540620343 
943273521 875836216 
956964917 959527216 
926495284 892483616 
943010614 169881913 
960050489 926234935 
842604596 825702709 
540422197 808727818 
943077680 941633842 
942944825 876164403 
876087840 859059506 
540291641 909194297 
926430259 956964912 
892746032 926102834 
959461664 875902260 
169882417 960050489 
842609463 876159024 
842281267 540030260 
808727818 943010354 
941635380 926233911 
892482356 959973920 
825309234 540029491 
825242681 808924984 
956964913 959658288 
808597809 892483616 
943010614 169882425 
842150968 875574072 
842539056 842281525 
540030513 959852810 
875706424 958411058 
892877109 825767987 
876087840 959460914 
540553527 809054264 
909193269 940187697 
808858164 892744761 
808727840 892746032 
169881910 842150968 
825242424 959979576 
859321394 540291894 
943012106 808595764 
958411832 909261104 
875573553 876153376 
909128243 540619828 
825636664 926102325 
956964918 875639604 
842414386 808727840 
858796598 169882420 
842216505 842347319 
926425137 909326389 
540422450 909457674 
959723065 958412593 
842348853 909193783 
842598944 892941366 
540293170 875706680 
825635640 956964918 
825242420 875640368 
959852832 959526968 
169882417 808465977 
942944309 842604601 
875770422 540357433 
842283018 892612662 
941635129 808924466 
959461170 875891232 
842150960 540490033 
926429240 825767730 
956964920 925905716 
808990263 825506080 
942879542 169882164 
959591481 842544180 
926425141 875966774 
540225588 909588490 
943142960 941633588 
892352821 909129017 
875891232 825831984 
540095542 825831481 
959591481 956964919 
859059762 959787568 
909457696 959723065 
169882161 926038328 
858797620 842604594 
842019126 540291896 
959789322 909194804 
941634614 809055543 
808858162 909183520 
842545209 540487988 
808465977 942944309 
940187705 808858164 
859190329 909588512 
809055537 169882674 
842150968 909259064 
875896887 808661040 
540030514 942684170 
943141431 958412849 
825242420 875901744 
876153376 892548657 
540031027 842412601 
825832243 940187697 
942944825 909456178 
959789344 959657785 
169881650 859124280 
858929456 875896884 
959590448 540096820 
892483594 909259826 
941633848 842610736 
876099892 892930592 
875968822 540225849 
909718841 942815285 
940187704 959789104 
959461431 842610720 
909326388 169883185 
808662073 825634865 
909189172 842545209 
540357172 842283018 
959460657 941635638 
926233911 842477620 
876087840 959657266 
540423472 842150968 
842346808 889856053 
858796084 858862896 
959789344 942814520 
169881649 926234424 
842282544 892936244 
825308216 540554544 
842610698 825702200 
941635888 909587762 
926431543 926419488 
926429238 540030008 
876164409 825831478 
889856052 892678196 
926037299 959461408 
842282288 169882678 
825831481 909259577 
876159033 926429488 
540490038 942684170 
825767224 941634614 
876032569 825636660 
808978976 926037816 
540030008 926038328 
858797620 822747186 
943208758 808532273 
842283040 959460657 
169883702 842347064 
842281524 892936244 
959920441 540423989 
959789066 858862131 
891302969 959590452 
1385183177 40231 
7667904 7671248 
0 0 
0 0 
0 0 
0 0 
0 0 
0 0 
0 0 
0 0 
0 0 
0 0 
0 0 
0 0 
0 0 
0 0 
0 0 
0 0 
0 0 
0 0 
0 0 
0 0 
0 0 
0 0 
0 0 
0 0 
0 0 
0 0 
0 0 
0 0 
0 0 
0 0 
0 0 
0 0 
0 0 
0 0 
0 0 
0 0 
0 0 
0 0 
0 0 
0 0 
0 0 
0 0 
0 0 
0 0 
0 0 
0 0 
0 0 
0 0 
0 0 
0 0 
0 0 
0 0 
0 0 
0 0 
0 0 
0 0 
0 0 
0 0 
0 0 
0 0 
0 0 
0 0 
0 0 
0 0 
0 0 
0 0 
0 0 
0 0 
0 0 
0 0 
0 0 
0 0 
0 0 
0 0 
0 0 
0 0 
0 0 
0 0 
0 0 
0 0 
0 0 
0 0 
0 0 
0 0 
0 0 
0 0 
0 0 
0 0 
0 0 
0 0 
0 0 
0 0 
0 0 
0 0 
0 0 
0 0 
0 0 
0 0 
0 0 
0 0 
0 0 
0 0 
0 0 
0 0 
0 0 
0 0 
0 0 
0 0 
0 0 
0 0 
0 0 
0 0 
0 0 
0 0 
0 0 
0 0 
0 0 
0 0 
0 0 
0 0 
0 0 
0 0 
0 0 
0 0 
0 0 
0 0 
0 0 
0 0 
0 0 
0 0 
0 0 
0 0 
0 0 
0 0 
0 0 
0 0 
0 0 
0 0 
0 0 
0 0 
0 0 
0 0 
0 0 
0 0 
0 0 
0 0 
0 0 
0 0 
0 0 
0 0 
0 0 
0 0 
0 0 
0 0 
0 0 
0 0 
0 0 
0 0 
0 0 
0 0 
0 0 
0 0 
0 0 
0 0 
0 0 
0 0 
0 0 
0 0 
0 0 
0 0 
0 0 
0 0 
0 0 
0 0 
0 0 
0 0 
0 0 
0 0 
0 0 
0 0 
0 0 
0 0 
0 0 
0 0 
0 0 
0 0 
0 0 
0 0 
0 0 
0 0 
0 0 
0 0 
0 0 
0 0 
0 0 
0 0 
0 0 
0 0 
0 0 
0 0 
0 0 
0 0 
0 0 
0 0 
0 0 
0 0 
0 0 
0 0 
0 0 
0 0 
0 0 
0 0 
0 0 
0 0 
0 0 
0 0 
0 0 
0 0 
0 0 
0 0 
0 0 
0 0 
0 0 
0 0 
0 0 
0 0 
0 0 
0 0 
0 0 
0 0 
0 0 
0 0 
0 0 
0 0 
0 0 
0 0 
0 0 
0 0 
0 0 
0 0 
0 0 
0 0 
0 0 
0 0 
0 0 
0 0 
0 0 
0 0 
0 0 
0 0 
0 0 
0 0 
0 0 
0 0 
0 0 
0 0 
0 0 
0 0 
0 0 
0 0 
0 0 
0 0 
0 0 
0 0 
0 0 
0 0 
0 0 
0 0 
0 0 
0 0 
0 0 
0 0 
0 0 
0 0 
0 0 
0 0 
0 0 
0 0 
0 0 
0 0 
0 0 
0 0 
0 0 
0 0 
0 0 
0 0 
0 0 
0 0 
0 0 
0 0 
0 0 
0 0 
0 0 
0 0 
0 0 
0 0 
0 0 
0 0 
0 0 
0 0 
0 0 
0 0 
0 0 
0 0 
0 0 
0 0 
0 0 
0 0 
0 0 
0 0 
0 0 
0 0 
0 0 
0 0 
0 0 
0 0 
0 0 
0 0 
0 0 
0 0 
0 0 
0 0 
0 0 
0 0 
0 0 
0 0 
0 0 
0 0 
0 0 
0 0 
0 0 
0 0 
0 0 
0 0 
0 0 
0 0 
0 0 
0 0 
0 0 
0 0 
0 0 
0 0 
0 0 
0 0 
0 0 
0 0 
0 0 
0 0 
0 0 
0 0 
0 0 
0 0 
0 0 
0 0 
0 0 
0 0 
0 0 
0 0 
0 0 
0 0 
0 0 
0 0