100 
319 9625 
1051 16519 
1146 4432 
1208 3649 
1307 4804 
1342 20742 
1448 27790 
2006 929 
2089 15362 
2359 18169 
2520 9157 
2561 16441 
2664 714 
2889 18782 
3362 30410 
3519 1449 
4080 31145 
4105 29335 
4109 30844 
4460 26764 
4722 21798 
4883 2064 
5768 3618 
6013 12816 
6280 538 
6367 11375 
6734 28133 
7038 20460 
7147 4490 
8254 30638 
8556 21274 
9512 4755 
10371 27904 
10818 26336 
11276 24213 
11278 11906 
12076 28148 
12543 24088 
12578 5982 
12580 14043 
12762 4143 
13186 9931 
13453 20558 
14208 30846 
14338 22225 
14345 14737 
14823 14874 
16058 25409 
16094 28304 
16522 28907 
17084 448 
17454 28781 
17545 14327 
17726 27124 
17799 10547 
18180 16422 
18294 5098 
19044 23504 
19414 27720 
20047 9560 
20279 32628 
20570 31317 
21461 18872 
21537 31983 
21736 1519 
22242 5878 
22940 13173 
23066 28875 
23097 8490 
23232 16014 
23360 15351 
23691 17580 
24019 8478 
24138 20698 
25137 20772 
25233 24424 
25698 19576 
25833 1539 
26225 4166 
26301 2763 
26779 22615 
27091 6174 
27261 19256 
27687 5491 
27767 27675 
28317 4091 
28402 8666 
28652 12317 
29501 28497 
29641 11327 
29680 6617 
30487 25188 
30849 15396 
31200 9601 
31220 5785 
31228 17696 
31358 5318 
31899 79 
32180 20405 
32513 9507 
